spacing: [[3.        0.        0.       ]
 [0.        1.5234375 0.       ]
 [0.        0.        1.5234375]]
size: [536 512 512]
origin: [-1438.          -538.23828125  -389.23828125]
